83
58 93586 92779
10 43557 24288
44 26810 1
80 60380 44045
4 97283 26654
81 95370 47795
46 90029 38099
65 77375 15436
27 26507 6221
17 46621 47798
22 8119 76093
20 12904 58033
68 64372 76231
78 93370 34024
32 41423 22848
42 25859 5405
25 725 74069
39 66603 2364
82 29691 75200
38 98539 54588
26 13928 59958
9 64685 65784
21 18458 60338
12 68982 20711
70 30888 4569
63 79804 16651
60 53897 13786
40 65125 16126
62 86717 51530
59 32873 77086
51 88230 13931
30 92352 79499
6 20927 51436
66 98588 97303
52 56431 85388
0 94326 59710
37 18151 98317
50 3137 6864
5 3528 28446
67 0 68692
61 93453 2569
41 36329 69843
8 41875 80542
31 23060 26342
77 98929 19584
83 80572 47741
74 98169 53867
79 28626 61395
28 97490 10099
18 95062 34483
33 44921 71089
19 5773 37766
1 30021 92923
47 21532 84423
16 33369 92381
72 12401 42620
69 83428 97765
11 60758 50848
73 90366 61315
75 10014 5734
36 55738 66415
53 48831 58442
45 21731 95790
43 72355 73319
29 47180 89174
64 97541 65195
35 38337 6998
7 99172 5213
55 9443 9505
56 77858 49678
24 2247 40797
48 63370 99934
14 2653 55308
15 60494 22864
57 36917 98816
76 90677 75013
54 547 48096
3 13752 92756
2 76967 2307
71 78044 97469
34 60282 17278
23 44731 58272
49 70494 36228
